564
562
581
606
632
655
664
670
679
692
707
703
692
684
686
688
687
681
685
690
696
679
644
608
605
646
696
747
772
789
790
822
853
902
937
974
1000
1014
1026
1045
1060
1075
1083
1091
1114
1136
1156
1164
1202
1241
1278
1294
1310
1328
1338
1319
1301
1274
1276
1293
1299
1310
1330
1357
1384
1380
1387
1407
1430
1467
1501
1542
1571
1581
1586
1592
1631
1679
1726
1747
1773
1804
1831
1836
1834
1839
1853
1869
1871
1870
1869
1892
1916
1945
1958
1971
1977
1991
2005
2012
2014
2017
2031
2041
2043
2040
2039
2042
2047
2051
2060
2069
2081
2091
2100
2109
2117
2147
2173
2199
2210
2222
2264
2315
2374
2382
2378
2387
2459
2524
2570
2564
2560
2587
2622
2659
2662
2660
2657
2688
2724
2756
2751
2750
2742
2737
2743
2759
2781
2790
2800
2834
2871
2907
2915
2903
2891
2878
2879
2884
2892
2903
2912
2915
2921
2946
2983
3017
3030
3067
3104
3133
3128
3137
3159
3179
3185
3200
3217
3235
3240
3256
3272
3287
3296
3328
3356
3420
3468
3518
3524
3531
3538
3548
3553
3573
3594
3611
3615
3618
3625
3654
3683
3727
3760
3794
3814
3827
3840
3840
3846
3855
3874
3878
3883
3886
3896
3911
3929
3961
3976
4000
4005
4026
4050
4093
4127
4146
4159
4162
4167
4160
4163
4169
4180
4192
4195
4196
4197
4208
4219
4238
4251
4275
4288
4303
4325
4347
4390
4416
4444
4487
4531
4575
4595
4612
4629
4635
4649
4676
4702
4725
4733
4761
4799
4825
4831
4825
4842
4859
4873
4884
4907
4922
4932
4934
4945
4961
4989
5018
5047
5061
5082
5080
5076
5059
5057
5043
5052
5064
5085
5111
5144
5185
5227
5261
5292
5310
5336
5365
5383
5393
5397
5407
5408
5413
5453
5502
5564
5604
5657
5693
5725
5746
5769
5779
5789
5788
5764
5709
5682
5675
5727
5765
5814
5858
5905
5941
5953
5953
5953
5954
5956
5960
5965
5985
6006
6027
6047
6071
6101
6122
6119
6090
6053
6034
6033
6067
6105
6145
6167
6188
6214
6229
6249
6262
6284
6310
6356
6394
6419
6424
6433
6444
6454
6459
6477
6518
6556
6602
6639
6693
6738
6775
6798
6789
6781
6776
6798
6827
6856
6878
6886
6893
6902
6939
6968
7016
7039
7069
7080
7097
7115
7115
7106
7095
7091
7088
7082
7083
7088
7085
7086
7095
7117
7135
7140
7162
7218
7272
7310
7320
7339
7356
7369
7407
7444
7499
7526
7557
7572
7583
7594
7613
7632
7648
7648
7652
7653
7661
7671
7689
7736
7789
7836
7856
7870
7884
7902
7917
7946
7967
7985
7989
7989
7994
8003
8018
8037
8052
8074
8085
8088
8084
8082
8101
8117
8138
8150
8162
8192
8216
8247
8253
8259
8276
8296
8318
8324
8340
8356
8384
8402
8430
8442
8460
8460
8471
8479
8495
8504
8510
8530
8549
8568
8573
8580
8602
8625
8646
8653
8659
8664
8679
8702
8730
8764
8791
8814
8821
8827
8830
8834
8844
8857
8867
8872
8873
8874
8874
8873
8874
8875
8888
8903
8922
8936
8947
8954
8963
8971
8980
9013
9057
9098
9110
9111
9115
9121
9132
9150
9178
9201
9223
9235
9244
9254
9262
9251
9237
9225
9238
9246
9253
9271
9301
9321
9327
9350
9382
9414
9414
9409
9407
9372
9347
9319
9341
9363
9392
9417
9437
9459
9481
9522
9552
9581
9595
9634
9669
9701
9710
9714
9720
9726
9732
9735
9741
9761
9783
9802
9808
9819
9828
9836
9837
9840
9851
9866
9881
9891
9899
9907
9912
9917
9938
9946
9964
9966
9988
9998
10008
10008
10033
10074
10113
10130
10139
10171
10209
10240
10272
10310
10352
10389
10411
10428
10424
10424
10424
10439
10450
10473
10489
10505
10535
10564
10591
10617
10649
10683
10692
10695
10711
10733
10758
10776
10788
10809
10824
10849
10860
10878
10914
10952
10983
10991
11001
11011
11017
11029
11041
11060
11071
11087
11090
11095
11100
11110
11121
11133
11158
11182
11194
11198
11200
11210
11224
11222
11222
11215
11234
11251
11266
11288
11309
11326
11331
11339
11351
11361
11368
11378
11386
11396
11417
11437
11450
11455
11461
11495
11529
11576
11572
11563
11541
11547
11553
11588
11622
11656
11661
11667
11674
11680
11689
11713
11753
11789
11812
11822
11822
11823
11823
11829
11830
11850
11882
11915
11929
11930
11930
11931
11949
11965
11976
11982
11990
11995
12015
12043
12076
12088
12113
12138
12187
12221
12256
12264
12275
12286
12301
12307
12319
12341
12382
12418
12445
12453
12463
12473
12485
12504
12526
12564
12592
12614
12618
12624
12633
12647
12676
12708
12740
12761
12776
12788
12796
12807
12816
12805
12792
12782
12806
12845
12894
12896
12884
12860
12866
12872
12878
12885
12888
12903
12920
12937
12954
12969
12986
12987
12996
13013
13053
13086
13112
13123
13140
13159
13176
13181
13183
13180
13184
13196
13212
13225
13233
13261
13287
13301
13293
13291
13289
13287
13281
13300
13320
13359
13385
13408
13413
13427
13444
13465
13475
13479
13483
13488
13503
13513
13521
13526
13537
13548
13560
13562
13566
13583
13604
13629
13638
13647
13650
13661
13681
13716
13731
13742
13741
13752
13762
13778
13787
13793
13793
13811
13829
13845
13851
13840
13832
13823
13835
13866
13922
13982
14019
14031
14064
14091
14132
14150
14175
14186
14206
14230
14255
14276
14293
14310
14319
14330
14369
14406
14468
14501
14533
14540
14558
14575
14593
14600
14607
14610
14615
14626
14637
14641
14647
14660
14680
14703
14728
14738
14738
14727
14733
14739
14752
14752
14754
14758
14793
14827
14854
14860
14864
14870
14900
14930
14961
14968
15010
15049
15089
15091
15099
15105
15122
15138
15154
15166
15170
15175
15178
15188
15214
15238
15261
15260
15251
15239
15236
15250
15266
15281
15285
15288
15295
15318
15365
15408
15443
15459
15482
15502
15516
15522
15533
15546
15566
15578
15607
15637
15679
15702
15709
15706
15704
15714
15723
15733
15745
15763
15787
15814
15839
15856
15835
15812
15806
15841
15878
15900
15915
15909
15901
15888
15891
15898
15905
15912
15886
15860
15844
15862
15874
15882
15886
15916
15947
15989
16016
16044
16064
16081
16090
16107
16122
16134
16134
16122
16125
16128
16148
16153
16162
16166
16173
16198
16229
16260
16270
16287
16305
16328
16344
16373
16402
16429
16447
16459
16469
16482
16492
16496
16494
16528
16584
16647
16677
16690
16694
16703
16709
16724
16735
16753
16766
16776
16783
16791
16804
16837
16878
16916
16939
16969
17001
17029
17032
17037
17053
17080
17097
17119
17136
17171
17189
17210
17243
17278
17323
17344
17366
17370
17369
17380
17395
17417
17422
17433
17435
17437
17439
17458
17483
17504
17499
17502
17506
17527
17537
17547
17558
17570
17590
17628
17662
17685
17688
17691
17694
17697
17712
17730
17748
17758
17765
17781
17793
17821
17852
17880
17886
17882
17894
17924
17952
17973
17982
18001
18016
18042
18058
18080
18105
18131
18149
18150
18148
18140
18139
18142
18154
18187
18220
18252
18264
18272
18275
18260
18247
18260
18274
18289
18285
18293
18315
18339
18368
18379
18394
18404
18418
18423
18430
18436
18452
18468
18484
18502
18519
18539
18549
18558
18569
18580
18605
18648
18717
18786
18837
18862
18877
18899
18930
18958
18972
18996
19020
19046
19052
19066
19092
19123
19154
19175
19192
19200
19202
19216
19230
19252
19259
19266
19265
19288
19311
19340
19346
19357
19368
19378
19388
19396
19408
19415
19464
19513
19558
19556
19566
19580
19600
19598
19597
19584
19602
19619
19662
19682
19712
19703
19698
19684
19700
19713
19726
19755
19787
19820
19831
19849
19857
19896
19927
19966
19981
19989
19991
20007
20046
20091
20120
20124
20135
20144
20161
20172
20181
20189
20196
20204
20207
20214
20219
20226
20235
20249
20263
20271
20270
20287
20302
20321
20327
20335
20351
20362
20381
20403
20427
20444
20459
20470
20485
20491
20499
20500
20489
20480
20476
20490
20505
20522
20536
20557
20579
20598
20609
20620
20633
20645
20673
20708
20754
20771
20788
20789
20783
20773
20770
20786
20797
20805
20824
20844
20872
20906
20950
20995
21050
21099
21117
21129
21134
21179
21198
21200
21184
21168
21192
21216
21243
21259
21287
21310
21324
21327
21354
21380
21406
21410
21420
21434
21457
21484
21512
21534
21551
21560
21566
21572
21586
21633
21679
21727
21768
21822
21869
21886
21889
21889
21896
21887
21881
21856
21860
21864
21899
21924
21970
22037
22117
22184
22215
22229
22230
22234
22219
22209
22219
22246
22270
22273
22267
22258
22241
22235
22246
22263
22284
22298
22320
22349
22376
22395
22401
22412
22425
22438
22459
22478
22498
22507
22535
22569
22610
22634
22651
22658
22668
22670
22674
22673
22706
22737
22773
22806
22844
22893
22919
22943
22951
22959
22970
22987
23011
23031
23047
23056
23056
23062
23066
23070
23066
23066
23078
23088
23122
23156
23192
23203
23210
23227
23235
23219
23187
23172
23179
23206
23224
23242
23218
23196
23177
23190
23202
23210
23214
23201
23184
23169
23181
23187
23193
23188
23193
23199
23205
23241
23292
23352
23391
23419
23441
23459
23496
23533
23570
23587
23612
23632
23648
23655
23665
23669
23674
23677
23684
23692
23716
23741
23772
23786
23829
23876
23933
23960
23975
23982
24002
24013
24022
24025
24067
24110
24160
24178
24175
24158
24172
24207
24242
24246
24220
24190
24163
24171
24183
24193
24183
24186
24192
24212
24222
24229
24237
24236
24240
24245
24267
24284
24307
24316
24340
24356
24375
24378
24398
24418
24443
24473
24503
24528
24535
24552
24570
24585
24591
24599
24606
24620
24634
24667
24694
24716
24709
24706
24712
24741
24768
24795
24824
24845
24859
24871
24887
24905
24910
24936
24958
24980
24994
25011
25040
25056
25071
25082
25099
25116
25140
25158
25176
25179
25186
25198
25206
25211
25241
25283
25363
25409
25455
25463
25475
25479
25490
25503
25525
25537
25547
25535
25528
25525
25550
25584
25616
25628
25632
25636
25665
25671
25675
25686
25712
25744
25756
25774
25794
25807
25819
25830
25851
25871
25882
25894
25910
25928
25915
25904
25894
25904
25911
25921
25940
25973
26021
26060
26082
26085
26086
26105
26125
26172
26197
26216
26214
26238
26265
26296
26305
26320
26325
26340
26351
26370
26379
26368
26355
26342
26359
26377
26404
26437
26465
26488
26490
26503
26532
26568
26594
26601
26631
26663
26695
26704
26713
26721
26744
26764
26785
26789
26796
26811
26826
26841
26850
26861
26870
26865
26869
26886
26917
26942
26954
26966
26983
27003
27020
27046
27088
27130
27155
27160
27177
27177
27193
27207
27240
27258
27288
27314
27352
27366
27378
27380
27392
27407
27423
27434
27445
27479
27515
27551
27560
27564
27563
27565
27583
27605
27624
27638
27658
27701
27734
27770
27785
27807
27830
27856
27872
27845
27813
27781
27786
27791
27816
27838
27861
27866
27870
27873
27876
27880
27901
27922
27918
27887
27877
27901
27935
27948
27960
27989
28022
28047
28058
28074
28089
28133
28174
28215
28230
28241
28252
28269
28292
28315
28322
28321
28330
28346
28370
28391
28415
28432
28450
28485
28531
28587
28625
28654
28678
28708
28736
28758
28773
28791
28817
28839
28859
28880
28906
28932
28936
28938
28938
28945
28939
28956
28984
29024
29041
29046
29057
29078
29099
29109
29110
29118
29142
29169
29189
29196
29209
29222
29246
29257
29275
29282
29293
29298
29316
29330
29343
29344
29350
29372
29393
29428
29447
29483
29503
29524
29523
29522
29525
29542
29561
29578
29584
29589
29591
29595
29601
29614
29625
29649
29667
29727
29771
29818
29825
29830
29839
29857
29897
29930
29952
29961
29978
29997
30046
30084
30122
30121
30123
30111
30105
30096
30101
30119
30139
30167
30170
30173
30168
30182
30199
30209
30210
30202
30199
30198
30204
30232
30232
30231
30219
30245
30274
30294
30300
30300
30315
30330
30348
30355
30363
30375
30349
30326
30303
30306
30307
30344
30389
30432
30435
30439
30443
30447
30459
30442
30429
30446
30495
30536
30542
30550
30563
30572
30577
30589
30596
30609
30624
30648
30665
30672
30694
30709
30731
30738
30749
30756
30759
30765
30790
30815
30851
30865
30885
30903
30922
30943
30957
30971
30980
30985
30987
30986
30990
31017
31042
31058
31055
31058
31078
31112
31142
31175
31195
31215
31217
31216
31216
31220
31227
31233
31242
31250
31249
31258
31265
31277
31284
31291
31302
31325
31363
31420
31458
31494
31512
31529
31533
31536
31539
31534
31531
31528
31536
31551
31566
